
H=35 ; L=2 ;

tc=57*(((L^3)/H))^0.385