ur2=0.45;k=8.6541*10**(-5);N=1.8634;C=49.81;tarsec=24;


Me=((log(1-ur2)/(-k*(tarsec+C)))**(1/N))*1/100